-8,2.4,7.3,-0.2,0.3,-0.2,
-8.05131,2.51974,7.18192,-0.10276,0.239259,-0.23616,
-8.08817,2.67092,6.9278,-0.0325832,0.150161,-0.242653,
-8.04071,2.64633,6.90651,0.0622147,0.100759,-0.285244,
-7.98681,2.69022,6.77024,0.107774,0.0876575,-0.27254,
-7.91669,2.72601,6.6271,0.140195,0.0715091,-0.28628,
-7.79953,2.75577,6.44857,0.234293,0.0593071,-0.357054,
-7.6836,2.76804,6.27181,0.231793,0.0245458,-0.35352,
-7.55371,2.74618,6.13086,0.25961,-0.0437849,-0.281901,
-7.40127,2.73692,6.00623,0.304942,-0.01862,-0.24924,
-7.24802,2.71086,5.90814,0.306423,-0.0521213,-0.196197,
-7.09156,2.67071,5.8154,0.312862,-0.0803122,-0.185468,
-6.94633,2.59996,5.7385,0.290334,-0.141444,-0.153803,
-6.79798,2.51042,5.66703,0.296619,-0.179091,-0.142933,
-6.64298,2.39637,5.61608,0.309885,-0.228128,-0.101907,
-6.48815,2.2645,5.58848,0.30957,-0.26374,-0.0552049,
-6.33093,2.12813,5.55794,0.314432,-0.272752,-0.0610647,
-6.30674,2.1258,5.58094,0.362799,-0.277526,-0.0150686,
-6.09653,1.98564,5.58203,0.420433,-0.28045,0.002182,
-5.88458,1.84627,5.58455,0.423894,-0.278752,0.00503258,
-5.88932,1.83299,5.60574,0.414365,-0.305286,0.0474092,
-5.65806,1.65113,5.62773,0.462393,-0.363831,0.0439832,
-5.42646,1.46967,5.65107,0.463208,-0.362918,0.0466774,
-5.40079,1.45919,5.64448,0.514496,-0.384005,0.0335088,
-5.11527,1.29068,5.68613,0.571161,-0.337142,0.0832952,
-4.83137,1.12509,5.72458,0.56783,-0.331172,0.0768976,
-4.82832,1.12765,5.7293,0.573943,-0.326064,0.086333,
-4.81488,1.11822,5.75065,0.600767,-0.344991,0.129027,
-4.50248,0.944101,5.83633,0.624811,-0.348281,0.171361,
-4.174,0.766078,5.92523,0.656945,-0.356116,0.177807,
-3.84609,0.594756,6.01895,0.655875,-0.342636,0.187445,
-3.5063,0.416511,6.09072,0.679543,-0.356541,0.143532,
-3.16688,0.222229,6.14356,0.678783,-0.388555,0.105679,
-2.81418,0.011325,6.16271,0.705332,-0.421866,0.0383031,
-2.47405,-0.194331,6.17495,0.680303,-0.411246,0.0244837,
-2.14784,-0.405194,6.17421,0.652407,-0.421656,-0.00147904,
-1.84254,-0.609523,6.1624,0.610628,-0.408554,-0.0236336,
-1.55565,-0.807474,6.15219,0.57384,-0.395809,-0.0204186,
-1.27265,-0.995446,6.12786,0.566051,-0.375922,-0.0486489,
-1.00077,-1.17125,6.09688,0.543828,-0.351553,-0.0619619,
-0.733771,-1.34635,6.06817,0.534007,-0.350162,-0.0574221,
-0.472121,-1.5258,6.04448,0.523289,-0.358886,-0.0473842,
-0.23185,-1.70253,6.02915,0.480565,-0.353343,-0.030665,
0.000675224,-1.87395,6.00435,0.465083,-0.34281,-0.0495911,
0.225412,-2.02154,5.97754,0.449594,-0.295133,-0.0536293,
0.433048,-2.15957,5.95065,0.415324,-0.275987,-0.0537664,
0.637543,-2.29203,5.91185,0.409025,-0.264894,-0.0776044,
0.836987,-2.40434,5.87259,0.398989,-0.224587,-0.0785279,
1.0145,-2.50685,5.82946,0.355086,-0.204928,-0.0862615,
1.18697,-2.60504,5.76775,0.344957,-0.196339,-0.12341,
1.35578,-2.68645,5.70433,0.337711,-0.162815,-0.126829,
1.53362,-2.75966,5.64768,0.35572,-0.146443,-0.113305,
1.7023,-2.81876,5.58875,0.337424,-0.118168,-0.117871,
1.88311,-2.86724,5.51639,0.36168,-0.0970056,-0.144709,
2.04872,-2.91712,5.42577,0.33123,-0.0996871,-0.181242,
2.19771,-2.96962,5.33374,0.297957,-0.104915,-0.184058,
2.32295,-3.02432,5.23754,0.250485,-0.109297,-0.192392,
2.44174,-3.07056,5.13275,0.23762,-0.0924469,-0.209579,
2.55705,-3.10794,5.01458,0.230661,-0.0747341,-0.236344,
2.67798,-3.14142,4.88197,0.241892,-0.0669949,-0.265224,
2.79541,-3.15973,4.73107,0.234937,-0.0366031,-0.301806,
2.91035,-3.17897,4.57863,0.229873,-0.0384632,-0.304866,
2.92448,-3.17106,4.57186,0.258175,-0.0226977,-0.318415,
3.04716,-3.17382,4.38904,0.245397,-0.00548897,-0.365637,
3.16673,-3.18268,4.20533,0.239113,-0.0177039,-0.367411,
3.28148,-3.18739,4.01834,0.229518,-0.00939251,-0.373987,
3.37857,-3.17873,3.83075,0.194248,0.0173895,-0.375173,
3.47055,-3.16987,3.64227,0.183963,0.0177624,-0.376969,
3.55097,-3.15878,3.45913,0.160849,0.0222312,-0.366262,
3.61931,-3.13334,3.27048,0.13675,0.0509361,-0.377296,
3.66267,-3.09357,3.07209,0.086795,0.0796476,-0.39679,
3.69482,-3.04816,2.87174,0.0643297,0.0908765,-0.400698,
3.7065,-3.0045,2.67048,0.0233421,0.0874293,-0.402507,
3.71462,-2.96266,2.47588,0.0162256,0.0836821,-0.389205,
3.71811,-2.91953,2.28364,0.00699655,0.0862862,-0.384474,
3.71315,-2.82641,1.92972,-0.00880137,0.0937184,-0.355326,
3.69644,-2.77896,1.75222,-0.0334161,0.094948,-0.354993,
3.65574,-2.71962,1.57286,-0.0813492,0.118806,-0.358728,
3.60893,-2.65838,1.40216,-0.0935987,0.122508,-0.341395,
3.55657,-2.59551,1.23994,-0.104718,0.125758,-0.324443,
3.49919,-2.53123,1.08599,-0.114762,0.128575,-0.307885,
3.4373,-2.46576,0.940125,-0.123783,0.130978,-0.291735,
3.37138,-2.39927,0.802123,-0.131834,0.132985,-0.276003,
3.3019,-2.33197,0.671773,-0.138965,0.134614,-0.260698,
3.22928,-2.26404,0.548859,-0.145226,0.135884,-0.245828,
3.15395,-2.19564,0.43316,-0.150664,0.136812,-0.231397,
3.07629,-2.12694,0.324455,-0.155325,0.137415,-0.21741,
2.98893,-2.04393,0.226907,-0.174661,0.166047,-0.195095,
2.90063,-1.96188,0.135589,-0.176602,0.164117,-0.182635,
2.81165,-1.88089,0.050288,-0.177962,0.161979,-0.170601,
2.72227,-1.80106,-0.0292074,-0.178779,0.159649,-0.15899,
2.63273,-1.72249,-0.103109,-0.179091,0.157143,-0.147803,
2.4541,-1.56942,-0.234971,-0.178343,0.15166,-0.126687,
2.1903,-1.351,-0.396008,-0.174291,0.142474,-0.0980989,
1.85313,-1.08275,-0.550507,-0.16467,0.128961,-0.0655063,
1.46553,-0.787108,-0.663748,-0.148132,0.111021,-0.0329803,
0.831421,-0.330586,-0.701998,-0.108927,0.0755738,0.00891437,
-0.0919409,0.183977,-0.144253,-0.00511883,-0.00400692,0.0204285,
0,0,0,0,0,0,
